1 3 6 11 20 2 14 5 32 13 4 9 22 12 18 8 7
10 3 34
11 1 5 6
12 1
13 4 1
14 1 3 4 2 34
15 34 33
16 33 34
17 6 7
18 2 1
19 33 34
2 1 18 8 22 31 20 3 14 4
20 1 2 34
21 34 33
22 2 1
23 34 33
24 35 30 33 34 28 26
25 28 32 26
26 25 24 32
27 30 34
28 25 24 3 34
29 3 34 32
3 1 2 8 10 14 33 29 9 28 4
30 24 27 33 34
31 2 9 34 33
32 25 26 1 29 34 33
33 24 30 19 9 21 32 3 16 15 31 23 34
34 9 21 23 28 19 29 20 10 32 24 30 15 31 33 14 16 27
35 57 51 36 42 45 24
36 35 68 42 51
37 41 59 49 60 55 48 39 67 43 62 38 40 50 61 54 53
38 37 39 43 41 58 51 63 45 59 60
39 37 65 49 54 60 43 59 40 38
4 1 3 2 8 13 14
40 37 39
41 37 38 65 42 51
42 36 46 60 66 47 63 64 51 54 68 58 65 45 41 48 35 56
43 38 37 59 39
44 48 45 57
45 44 38 35 42
46 42 51
47 42 51
48 44 37 63 57 51 42
49 37 39
5 1 11 7
50 37 53 55 52
51 56 64 35 48 38 46 66 36 47 65 41 42
52 55 50
53 50 62 37
54 39 37 42
55 37 62 50 52
56 51 42
57 35 44 48
58 38 42
59 37 38 39 43 61 60
6 1 17 7 11
60 37 38 39 59 42
61 59 37
62 37 55 53
63 38 42 48
64 51 42
65 39 41 42 51
66 42 51
67 37
68 36 42
7 6 5 1 17
8 2 3 4 1
9 3 1 34 33 31
