30 2
16 1.057548 -0.714364
13 1.066484 -0.699606
3 -1.408463 -2.204291
28 -1.444034 -2.231023
2 -1.413900 -2.188163
21 -1.408935 -2.175978
0 -1.430054 -2.183571
29 -1.431663 -2.207020
8 -1.403906 -2.158764
24 -1.369093 -2.143198
22 -1.377656 -2.136738
26 -1.374443 -2.125185
4 -1.385802 -2.147764
6 -1.433763 -2.222033
14 0.859722 -0.833089
5 -1.441403 -2.192810
27 -1.406257 -2.126390
25 -1.455383 -2.228332
7 -1.403924 -2.144958
23 -1.389340 -2.203717
15 0.837734 -0.850568
1 -1.444214 -2.171537
12 4.050539 -2.764455
17 4.027019 -2.838438
10 5.040916 -2.672271
19 4.933919 -2.635895
11 4.636244 -2.958682
18 5.003135 -3.172229
9 -0.879191 -1.622228
20 -0.925583 -1.660006
