32 2
18 -0.462435 -1.513034
30 -0.543110 -1.401541
32 -0.484291 -1.608554
31 -0.526592 -1.374146
22 -0.513646 -1.096289
13 -0.340960 -1.816640
20 -0.576945 -1.371737
12 -0.509965 -1.463270
29 -0.429245 -1.666349
4 -0.684847 -1.080158
23 -0.292863 -2.681563
14 -0.516673 -1.447737
19 -0.539514 -1.384663
7 -0.516767 -1.543462
25 -0.535737 -1.473864
1 -0.582631 -1.230438
24 -2.347220 1.062405
8 -2.184766 1.013698
3 -2.340866 1.239360
27 -2.373994 1.237212
16 -1.773294 0.182962
26 -0.794062 -0.747873
2 -0.797021 -0.702638
28 -2.722027 1.007980
9 -1.794086 0.184811
11 -2.701360 1.028798
10 -1.612850 -0.496799
17 -1.773834 -0.477747
21 -1.293214 -0.232961
6 -1.278378 -0.100993
15 -1.645293 -0.695323
5 -1.663714 -0.645221
