68 2
61 -1.866321 0.407922
66 -1.736510 0.280627
23 -1.838631 0.378542
47 -1.715771 0.385623
16 -1.925876 0.414803
64 -1.786541 0.312943
21 -1.918705 0.447264
46 -1.892300 0.427290
15 -1.743213 0.357706
19 -1.772321 0.345350
18 -1.225714 -0.083103
22 -1.393101 0.033939
40 -1.391239 0.092604
49 -1.249032 -0.104812
17 -1.279212 -0.264645
52 -1.225332 -0.205417
10 -1.860989 0.228599
58 -2.031256 0.368360
27 -1.375296 0.064318
68 -1.231538 -0.088337
13 -1.176058 -0.099279
50 0.117124 -1.738035
41 0.028309 -1.893703
6 0.140117 -1.924977
62 -1.286091 -0.049631
9 0.032887 -1.972915
7 0.139515 -1.901388
55 0.007117 -1.583742
35 -0.397886 -1.495440
29 -0.152154 -1.364355
11 -0.234552 -0.992274
24 -0.451396 -1.518283
63 -0.098244 -1.315117
44 -0.292310 -0.915053
25 -0.291719 -1.012444
53 -0.183097 -1.076524
56 -0.190426 -1.435409
14 -0.732776 -0.911048
60 -0.750693 -0.925343
57 0.059674 -1.491507
43 -0.204153 -1.141072
5 -0.105575 -1.148871
26 0.185938 -1.671328
8 -0.243882 -1.240398
36 -0.312176 -1.524805
54 -0.689927 -0.676667
30 -0.269790 -1.530639
20 -0.796021 -0.621251
45 -0.280164 -1.171902
28 -0.126444 -1.448604
32 0.074091 -3.910827
48 0.044990 -3.933578
4 -0.172702 -1.133563
59 -0.137736 -1.291089
39 -0.790916 -2.003051
2 -0.798487 -2.128230
12 -0.987732 -0.575493
31 -0.843034 -0.672061
33 -1.408349 -3.342554
65 -1.135611 -0.635719
67 -1.204448 -0.540821
1 -3.599287 -0.990391
37 -3.579072 -1.048310
34 -1.756629 -0.873608
51 -1.379757 -3.277401
42 -1.692267 -0.871659
3 -1.322575 -2.591421
38 -1.492203 -2.413975
